positive/1660918211.6151392.jpg 3 388 365 20 22 361 336 5 6 367 336 8 6
positive/1660918228.1981418.jpg 3 421 421 39 38 357 339 12 11 367 340 10 10
positive/1660918231.8851416.jpg 2 356 353 18 18 371 355 18 16
positive/1660918236.7471378.jpg 1 334 395 20 23
positive/1660918241.3771381.jpg 1 310 300 15 15
positive/1660918264.404142.jpg 3 287 428 45 50 328 428 48 49 312 255 15 19
positive/1660918268.7511377.jpg 2 423 448 56 59 250 243 15 18
positive/1660918272.3711457.jpg 2 351 396 28 30 331 395 26 30
positive/1660918276.6021404.jpg 1 403 372 30 33
positive/1660918287.6371396.jpg 2 395 290 22 19 475 174 13 11
positive/1660918293.1541388.jpg 2 342 395 27 34 296 382 11 11
positive/1660918306.1241386.jpg 2 333 297 27 32 463 10 11 14
positive/1660918338.9251385.jpg 1 322 422 20 17
positive/1660918343.8821404.jpg 1 288 418 39 37
positive/1660918347.267138.jpg 1 408 412 33 33
positive/1660918351.195138.jpg 2 325 388 23 25 344 387 22 24
positive/1660918360.5301425.jpg 1 299 392 28 33
positive/1660918365.0461376.jpg 4 390 377 27 31 413 377 29 31 484 296 11 16 492 300 13 12
positive/1660918379.7321384.jpg 4 316 433 78 88 480 328 19 22 216 330 14 20 201 331 15 18
positive/1660918384.6541383.jpg 1 377 302 24 29
positive/1660918390.8981376.jpg 1 296 383 20 20
positive/1660918432.2421377.jpg 2 282 516 72 74 349 515 79 78
positive/1660918434.6371381.jpg 2 415 394 28 26 434 366 15 19
positive/1660918445.877138.jpg 1 293 367 24 24
positive/1660918463.3391378.jpg 4 410 415 35 39 357 402 14 13 370 403 8 13 376 402 12 11
positive/1660918467.9751382.jpg 0
positive/1660918473.5641384.jpg 1 401 403 34 40
positive/1660918479.6101382.jpg 3 353 381 40 39 516 345 11 7 259 336 16 20
positive/1660918485.1391382.jpg 2 282 412 39 39 331 370 18 16
positive/1660918510.6581411.jpg 3 322 425 42 39 377 423 34 42 372 414 13 10
positive/1660918517.2211397.jpg 1 340 402 23 29
positive/1660918560.3371406.jpg 5 237 486 64 56 350 414 19 19 366 413 8 7 377 413 7 6 377 416 18 15
positive/1660918564.929139.jpg 5 330 415 27 28 368 417 26 24 378 381 11 13 335 386 12 8 358 350 8 9
positive/1660918571.6561418.jpg 5 320 464 79 84 490 354 21 21 518 316 11 14 230 356 10 17 214 355 16 16
positive/1660918581.361138.jpg 3 368 396 25 25 351 350 13 9 329 348 13 11
positive/1660918593.6991377.jpg 2 280 422 38 38 377 380 12 15
positive/1660918602.609138.jpg 1 373 418 24 28
positive/1660918618.805138.jpg 6 331 458 43 46 361 456 51 49 290 456 47 50 358 384 11 15 346 385 11 16 278 365 8 12
