positive\1660928009.821404.jpg 3 230 435 54 58 300 298 17 23 352 163 13 13
positive\1660928010.2973995.jpg 2 311 305 25 30 392 145 12 15
positive\1660928010.8104012.jpg 2 264 399 49 54 406 185 22 16
positive\1660928011.5464036.jpg 1 386 287 36 26
positive\1660928014.5274024.jpg 3 295 363 29 18 267 294 11 10 172 193 7 9
positive\1660928015.5134017.jpg 3 255 493 138 89 320 256 16 22 207 131 10 10
positive\1660928017.0394034.jpg 2 267 330 25 26 267 330 25 26
positive\1660928018.5264018.jpg 2 335 400 51 32 274 404 14 9
positive\1660928019.511403.jpg 2 377 393 37 39 326 344 18 14
positive\1660928020.496401.jpg 1 392 339 24 30
positive\1660928021.6014035.jpg 1 386 267 23 30
positive\1660928023.6764035.jpg 2 379 261 12 15 436 194 10 11
positive\1660928024.6114004.jpg 3 336 336 26 27 418 245 14 14 487 151 11 13
positive\1660928025.7664042.jpg 3 383 315 28 28 467 190 14 17 503 101 10 11
positive\1660928027.3514013.jpg 2 546 611 115 173 371 335 15 16
positive\1660928028.8439763.jpg 1 294 373 22 21
positive\1660928030.183976.jpg 1 380 293 20 28
positive\1660928031.651976.jpg 2 328 302 30 39 460 14 13 18
positive\1660928033.0209768.jpg 1 398 373 39 44
positive\1660928037.8979754.jpg 1 335 489 67 84
positive\1660928039.7929757.jpg 1 234 458 64 64
positive\1660928040.9199774.jpg 1 216 470 70 73
positive\1660928041.8719754.jpg 1 421 439 48 49
positive\1660928043.7849755.jpg 1 329 386 38 28
positive\1660928044.114976.jpg 1 270 419 70 44
positive\1660928045.862975.jpg 1 268 339 15 16
positive\1660928047.4279778.jpg 2 283 577 107 153 309 380 18 24
positive\1660928050.0109801.jpg 3 374 436 48 54 427 379 26 18 515 338 19 11
positive\1660928051.2569757.jpg 2 355 612 230 165 442 279 26 20
positive\1660928054.323975.jpg 1 353 371 29 33
positive\1660928055.8129787.jpg 1 320 289 15 19
positive\1660928058.1709762.jpg 1 347 362 36 39
positive\1660928059.4819765.jpg 7 320 410 64 63 320 410 64 63 464 314 22 26 584 301 13 13 410 274 11 8 199 316 31 22 140 248 11 8
positive\1660928061.4995244.jpg 3 307 605 110 158 388 261 23 26 491 228 13 15
positive\1660928064.0365238.jpg 1 248 420 45 41
positive\1660928065.7830794.jpg 4 333 391 49 59 218 340 21 20 247 326 15 14 498 288 17 15
positive\1660928067.163079.jpg 2 217 453 59 66 385 272 20 24
positive\1660928070.4430761.jpg 2 326 395 21 24 299 391 14 13
positive\1660928075.4040773.jpg 1 366 419 28 28
positive\1660928077.6690764.jpg 1 334 334 21 23
positive\1660928080.278076.jpg 1 348 356 38 39
positive\1660928084.6030765.jpg 3 421 410 37 47 420 362 23 23 405 353 10 13
positive\1660928086.5450814.jpg 2 365 315 23 24 452 296 11 13
positive\1660928088.9790761.jpg 1 302 375 45 29
positive\1660928093.3230796.jpg 4 382 387 31 26 302 343 21 12 254 262 14 12 175 206 8 8
positive\1660928097.523077.jpg 5 347 382 46 47 514 343 18 11 256 338 17 23 283 330 12 10 262 324 7 8
positive\1660928099.7330792.jpg 6 315 470 89 92 497 348 29 29 466 336 17 11 493 330 10 9 636 338 16 10 174 355 24 18
positive\1660928101.3030758.jpg 4 381 406 37 43 305 355 19 20 242 274 12 15 166 204 11 6
positive\1660928105.144077.jpg 0
positive\1660928110.5800767.jpg 5 243 452 61 62 351 397 20 20 384 399 18 17 371 398 16 10 375 372 10 12
positive\1660928111.2170777.jpg 5 388 409 35 46 300 413 33 36 321 356 17 19 377 358 16 15 351 312 17 17
positive\1660928111.9250789.jpg 5 324 355 26 25 365 356 24 21 348 277 24 21 294 225 13 9 282 225 9 10
positive\1660928112.4630759.jpg 8 387 458 63 72 266 459 66 70 355 289 23 28 297 231 13 11 455 232 16 13 491 191 12 9 254 231 11 8 229 173 8 7
positive\1660928113.2950764.jpg 6 295 539 136 150 509 354 25 23 534 311 14 14 182 353 18 24 198 353 16 22 165 294 9 10
positive\1660928114.1090763.jpg 3 480 470 82 71 165 469 70 67 378 281 21 17
positive\1660928115.0550752.jpg 1 254 425 49 52
positive\1660928116.767078.jpg 4 347 386 27 26 490 383 12 9 223 378 14 8 197 378 10 7
positive\1660928117.7070765.jpg 3 224 362 22 22 167 325 8 9 174 324 8 8
positive\1660928118.616075.jpg 4 319 336 21 17 401 337 15 17 396 309 9 7 406 308 7 9
positive\1660928119.1490755.jpg 3 330 387 33 40 367 388 32 37 378 335 25 15
positive\1660928119.9830759.jpg 2 333 393 49 32 377 388 22 11
positive\1660928121.1110756.jpg 2 368 427 70 43 361 404 24 15
positive\1660928121.9910774.jpg 1 326 430 87 52
positive\1660928123.4580774.jpg 1 322 370 34 36
positive\1660928126.7170794.jpg 3 307 379 27 24 367 371 15 12 393 348 14 7
positive\1660928128.6130767.jpg 2 369 317 35 26 449 239 16 19
positive\1660928133.9920778.jpg 4 345 377 66 32 336 351 24 18 270 338 12 11 229 309 12 11
positive\1660928157.5680754.jpg 1 353 373 47 28
positive\1660928161.279416.jpg 1 352 366 25 21
positive\1660928286.164376.jpg 2 298 356 44 30 350 258 19 12
positive\1660928287.4283783.jpg 1 390 295 40 25
positive\1660928290.9663773.jpg 1 286 422 69 41
positive\1660928292.2053792.jpg 2 356 399 28 13 245 459 61 62
positive\1660928294.2413783.jpg 1 342 402 71 46
positive\1660928295.989381.jpg 1 275 390 26 32
positive\1660928298.3303766.jpg 1 310 318 13 11
positive\1660928300.6813762.jpg 3 376 380 62 46 350 1 15 14 397 193 17 19
positive\1660928303.5563788.jpg 1 381 185 36 29
positive\1660928304.826377.jpg 2 338 300 27 30 444 165 19 13
positive\1660928306.4593768.jpg 1 282 387 38 24
positive\1660928308.6203759.jpg 2 305 292 30 33 187 235 12 15
positive\1660928310.3233774.jpg 2 414 355 23 22 434 338 14 14
positive\1660928312.355377.jpg 4 367 376 27 28 289 364 18 13 524 339 7 10 568 228 10 7
positive\1660928314.4943798.jpg 8 294 381 32 38 372 211 17 21 463 104 16 12 477 49 13 10 576 50 12 13 318 98 17 17 322 48 12 11 238 51 7 10
positive\1660928316.5833774.jpg 4 336 398 53 57 458 347 21 17 509 342 15 11 219 345 28 17
positive\1660928319.0003772.jpg 7 371 365 37 34 490 341 24 18 552 333 18 10 280 342 15 13 213 329 12 13 218 321 9 6 62 331 6 6
positive\1660928321.260378.jpg 2 303 415 82 49 442 280 19 22
positive\1660928323.0393767.jpg 3 548 189 11 16 536 142 9 12 653 142 7 12
positive\1660928324.9693773.jpg 7 380 318 34 34 512 263 17 18 511 244 13 12 290 266 15 17 633 248 15 7 542 232 14 10 456 237 7 5
positive\1660928326.579645.jpg 9 305 534 116 126 488 351 24 23 593 283 21 14 189 346 26 26 238 330 15 15 229 326 7 10 78 333 13 10 405 298 8 7 172 295 10 7
positive\1660928327.9873765.jpg 5 347 380 67 43 427 212 19 21 544 141 19 14 388 144 10 11 651 33 6 11
positive\1660928329.8983827.jpg 3 341 405 34 41 358 240 16 18 341 25 16 16
positive\1660928334.2343752.jpg 1 373 371 33 26
positive\1660928345.2823763.jpg 3 408 394 34 40 317 315 19 20 240 300 12 13
positive\1660928352.266377.jpg 3 327 311 17 19 247 287 9 11 413 246 5 10
